date: 2013-09-09 14:41:45.921
argv: node /Users/jason/nvm/v0.8.14/bin/hexo server
os: Darwin 12.4.0 darwin x64
version:
  hexo: 2.0.6
  http_parser: 1.0
  node: 0.8.14
  v8: 3.11.10.25
  ares: 1.7.5-DEV
  uv: 0.8
  zlib: 1.2.3
  openssl: 1.0.0f
---

[debug] 14:41:44.640 Configuration file load successfully
[debug] 14:41:44.641 Version info checked successfully
[debug] 14:41:44.643 Plugin loaded successfully: hexo-generator-feed
[debug] 14:41:44.644 Plugin loaded successfully: hexo-generator-sitemap
[debug] 14:41:44.644 Loading the database...
[debug] 14:41:44.883 Theme layout loaded
[debug] 14:41:44.923 Processed: favicon.ico
[debug] 14:41:44.935 Theme source loaded
[debug] 14:41:44.935 Start watching theme source...
[debug] 14:41:44.935 Start watching theme layout...
[debug] 14:41:45.687 Processed: _posts/22.md
[debug] 14:41:45.688 Processed: _posts/23.md
[debug] 14:41:45.690 Processed: _posts/appstore.md
[debug] 14:41:45.692 Processed: _posts/git10.md
[debug] 14:41:45.695 Processed: _posts/git11.md
[debug] 14:41:45.698 Processed: _posts/git12.md
[debug] 14:41:45.701 Processed: _posts/git13.md
[debug] 14:41:45.702 Processed: _posts/git2.md
[debug] 14:41:45.713 Processed: _posts/git3.md
[debug] 14:41:45.714 Processed: _posts/git4.md
[debug] 14:41:45.717 Processed: _posts/git5.md
[debug] 14:41:45.718 Processed: _posts/git6.md
[debug] 14:41:45.719 Processed: _posts/git7.md
[debug] 14:41:45.722 Processed: _posts/git8.md
[debug] 14:41:45.724 Processed: _posts/git9.md
[debug] 14:41:45.749 Processed: _posts/hexo1.md
[debug] 14:41:45.752 Processed: _posts/hibernate0.md
[debug] 14:41:45.753 Processed: _posts/hibernate1.md
[debug] 14:41:45.756 Processed: _posts/ios10.md
[debug] 14:41:45.757 Processed: _posts/ios11.md
[debug] 14:41:45.777 Processed: _posts/ios12.md
[debug] 14:41:45.783 Processed: _posts/ios13.md
[debug] 14:41:45.785 Processed: _posts/ios14.md
[debug] 14:41:45.791 Processed: _posts/ios15.md
[debug] 14:41:45.800 Processed: _posts/ios16.md
[debug] 14:41:45.802 Processed: _posts/ios17.md
[debug] 14:41:45.803 Processed: _posts/ios18.md
[debug] 14:41:45.814 Processed: _posts/ios19.md
[debug] 14:41:45.820 Processed: _posts/ios20.md
[debug] 14:41:45.823 Processed: _posts/ios21.md
[debug] 14:41:45.826 Processed: _posts/ios3.md
[debug] 14:41:45.828 Processed: _posts/ios4.md
[debug] 14:41:45.829 Processed: _posts/ios5.md
[debug] 14:41:45.831 Processed: _posts/ios6.md
[debug] 14:41:45.833 Processed: _posts/ios7.md
[debug] 14:41:45.836 Processed: _posts/ios8.md
[debug] 14:41:45.846 Processed: _posts/ios9.md
[debug] 14:41:45.847 Processed: _posts/iosimage.md
[debug] 14:41:45.859 Processed: _posts/mac1.md
[debug] 14:41:45.861 Processed: _posts/mac3.md
[debug] 14:41:45.865 Processed: _posts/markdown.md
[debug] 14:41:45.867 Processed: _posts/mood.md
[debug] 14:41:45.869 Processed: _posts/mq1.md
[debug] 14:41:45.878 Processed: _posts/mq2.md
[debug] 14:41:45.880 Processed: _posts/mq3.md
[debug] 14:41:45.887 Processed: _posts/mq4.md
[debug] 14:41:45.905 Processed: _posts/mq5.md
[debug] 14:41:45.907 Processed: _posts/svn3.md
[debug] 14:41:45.908 Processed: _posts/svn4.md
[debug] 14:41:45.910 Processed: _posts/svn5.md
[debug] 14:41:45.911 Processed: _posts/svn6.md
[debug] 14:41:45.912 Processed: _posts/svn7.md
[debug] 14:41:45.914 Processed: _posts/svn8.md
[debug] 14:41:45.916 Processed: _posts/svn9.md
[debug] 14:41:45.917 Processed: _posts/散文.md
[debug] 14:41:45.917 Processed: new-page/index.md
[debug] 14:41:45.918 Theme configuration loaded
[debug] 14:41:45.919 Theme i18n loaded
[error] 14:41:45.920 { rawMessage: 'Unable to parse.',
  parsedLine: 4,
  snippet: 'categories:[mac]',
  parsedFile: null,
  message: 'Unable to parse.',
  domain_thrown: true,
  domain: 
   { domain: null,
     _events: { error: [Function] },
     _maxListeners: 10,
     members: [],
     _disposed: true } }